0.021557 188
0.693391 1
0.516759 1
0.182195 1
0.102223 1
0.140652 1
0.176838 1
0.342465 1
0.170522 1
0.942530 1
0.324874 1
0.859438 1
0.200256 1
0.579641 1
0.091450 1
0.279277 2
0.955720 188
1.896002 1
0.129523 1
0.184784 1
0.085090 1
0.269391 1
0.903403 1
0.380396 1
0.556509 1
0.537276 2
0.162832 48
0.010651 188
3.523681 1
0.315480 1
0.152381 1
1.035765 1
0.188232 1
0.216194 1
0.265710 1
0.120792 1
0.417406 1
0.232856 1
0.618467 1
0.231964 1
0.432844 1
0.331975 1
0.372629 2
0.004564 151
0.001449 188
1.966483 1
0.420579 1
0.163986 1
0.203315 1
1.956415 8
